%YAML:1.0
---
R: !!opencv-matrix
   rows: 3
   cols: 3
   dt: d
   data: [ 9.8270766105772367e-01, 2.5476316017413528e-02,
       1.8340286317459456e-01, -2.5746212968464383e-02,
       9.9966809731262574e-01, -9.0979840467615551e-04,
       -1.8336516958310442e-01, -3.8278633120258816e-03,
       9.8303741640195152e-01 ]
T: !!opencv-matrix
   rows: 3
   cols: 1
   dt: d
   data: [ -6.1924233018290934e+01, 9.3968112576750229e-01,
       5.9066847134402440e+00 ]
R1: !!opencv-matrix
   rows: 3
   cols: 3
   dt: d
   data: [ 9.9595406862458824e-01, 1.0622353120683192e-02,
       8.9233731314500228e-02, -1.0695311026189043e-02,
       9.9994274589670740e-01, 3.3948579658980794e-04,
       -8.9225016179219505e-02, -1.2924947707898566e-03,
       9.9601065553792412e-01 ]
R2: !!opencv-matrix
   rows: 3
   cols: 3
   dt: d
   data: [ 9.9536803353877568e-01, -1.5104402730874249e-02,
       -9.4943850918816144e-02, 1.5026755978055289e-02,
       9.9988591710393193e-01, -1.5327693906984228e-03,
       9.4956171015510127e-02, 9.8971574913991994e-05,
       9.9548144924488691e-01 ]
P1: !!opencv-matrix
   rows: 3
   cols: 4
   dt: d
   data: [ 4.7394396075468949e+03, 0., 2.9051038360595703e+02, 0., 0.,
       4.7394396075468949e+03, 5.5761609649658203e+02, 0., 0., 0., 1.,
       0. ]
P2: !!opencv-matrix
   rows: 3
   cols: 4
   dt: d
   data: [ 4.7394396075468949e+03, 0., 1.1872708854675293e+03,
       -2.9485190677707066e+05, 0., 4.7394396075468949e+03,
       5.5761609649658203e+02, 0., 0., 0., 1., 0. ]
Q: !!opencv-matrix
   rows: 4
   cols: 4
   dt: d
   data: [ 1., 0., 0., -2.9051038360595703e+02, 0., 1., 0.,
       -5.5761609649658203e+02, 0., 0., 0., 4.7394396075468949e+03, 0.,
       0., 1.6073966281419553e-02, 1.4414498069431788e+01 ]
