%YAML:1.0
---
R: !!opencv-matrix
   rows: 3
   cols: 3
   dt: d
   data: [ 9.5921340645465414e-01, -2.2553970115728565e-02,
       2.8178175829829216e-01, 1.7111312371528513e-02,
       9.9961675183543330e-01, 2.1761260048577289e-02,
       -2.8216456876543211e-01, -1.6052036693100766e-02,
       9.5923171770507099e-01 ]
T: !!opencv-matrix
   rows: 3
   cols: 1
   dt: d
   data: [ -4.8314671429200126e+02, -4.1935475773541615e+00,
       1.2828415722356559e+02 ]
R1: !!opencv-matrix
   rows: 3
   cols: 3
   dt: d
   data: [ 9.9960924040843457e-01, -9.2931912277105441e-03,
       2.6362911198835201e-02, 9.0258240419738046e-03,
       9.9990680620161521e-01, 1.0242724835154824e-02,
       -2.6455641939590047e-02, -1.0000775394466848e-02,
       9.9959996173523014e-01 ]
R2: !!opencv-matrix
   rows: 3
   cols: 3
   dt: d
   data: [ 9.6647677044442293e-01, 8.3886864991009162e-03,
       -2.5661699501423912e-01, -1.1007963786407312e-02,
       9.9990093204673713e-01, -8.7721619537797918e-03,
       2.5651798557722105e-01, 1.1302921342997948e-02,
       9.6647336592609656e-01 ]
P1: !!opencv-matrix
   rows: 3
   cols: 4
   dt: d
   data: [ 3.1226742833812668e+03, 0., 4.8857269287109375e+02, 0., 0.,
       3.1226742833812668e+03, 5.1925576400756836e+02, 0., 0., 0., 1.,
       0. ]
P2: !!opencv-matrix
   rows: 3
   cols: 4
   dt: d
   data: [ 3.1226742833812668e+03, 0., 1.4353822154998779e+03,
       -1.5610409540686903e+06, 0., 3.1226742833812668e+03,
       5.1925576400756836e+02, 0., 0., 0., 1., 0. ]
Q: !!opencv-matrix
   rows: 4
   cols: 4
   dt: d
   data: [ 1., 0., 0., -4.8857269287109375e+02, 0., 1., 0.,
       -5.1925576400756836e+02, 0., 0., 0., 3.1226742833812668e+03, 0.,
       0., 2.0003794745053565e-03, 1.8939783353328346e+00 ]
