%YAML:1.0
---
R: !!opencv-matrix
   rows: 3
   cols: 3
   dt: d
   data: [ 9.2510999526603932e-01, -1.8381831795179486e-02,
       3.7925401107796158e-01, 1.0908464401878662e-02,
       9.9970185520632371e-01, 2.1845047526331155e-02,
       -3.7954249045826455e-01, -1.6071992934556977e-02,
       9.2503469609515176e-01 ]
T: !!opencv-matrix
   rows: 3
   cols: 1
   dt: d
   data: [ -4.2001572285986907e+02, -1.6002839641030966e+00,
       1.4023783155931082e+02 ]
R1: !!opencv-matrix
   rows: 3
   cols: 3
   dt: d
   data: [ 9.9772470424332682e-01, -8.7327140459786765e-03,
       6.6851733320513890e-02, 8.0422196849997303e-03,
       9.9991157377061257e-01, 1.0590908465043491e-02,
       -6.6938309248920705e-02, -1.0029174690267074e-02,
       9.9770670961456809e-01 ]
R2: !!opencv-matrix
   rows: 3
   cols: 3
   dt: d
   data: [ 9.4851940770938226e-01, 3.6139132779662796e-03,
       -3.1669839410622536e-01, -6.9236240280587703e-03,
       9.9993254250666797e-01, -9.3259780435472322e-03,
       3.1664332715053511e-01, 1.1038571781257613e-02,
       9.4848044434456813e-01 ]
P1: !!opencv-matrix
   rows: 3
   cols: 4
   dt: d
   data: [ 3.3031252512066953e+03, 0., 3.5987014770507813e+02, 0., 0.,
       3.3031252512066953e+03, 5.0920488357543945e+02, 0., 0., 0., 1.,
       0. ]
P2: !!opencv-matrix
   rows: 3
   cols: 4
   dt: d
   data: [ 3.3031252512066953e+03, 0., 1.7038880462646484e+03,
       -1.4626633137983638e+06, 0., 3.3031252512066953e+03,
       5.0920488357543945e+02, 0., 0., 0., 1., 0. ]
Q: !!opencv-matrix
   rows: 4
   cols: 4
   dt: d
   data: [ 1., 0., 0., -3.5987014770507813e+02, 0., 1., 0.,
       -5.0920488357543945e+02, 0., 0., 0., 3.3031252512066953e+03, 0.,
       0., 2.2582950020321965e-03, 3.0351889029588932e+00 ]
