%YAML:1.0
---
R: !!opencv-matrix
   rows: 3
   cols: 3
   dt: d
   data: [ 9.8267378440707964e-01, -2.0387047556163617e-02,
       -1.8421889623762855e-01, 2.0622081549252508e-02,
       9.9978713732060498e-01, -6.4015689296145761e-04,
       1.8419273381880094e-01, -3.1699117045048270e-03,
       9.8288503318961107e-01 ]
T: !!opencv-matrix
   rows: 3
   cols: 1
   dt: d
   data: [ 6.0714165969825956e+01, 6.2508447527607203e-02,
       4.5903659575141660e+00 ]
R1: !!opencv-matrix
   rows: 3
   cols: 3
   dt: d
   data: [ 9.9378426516965224e-01, -1.9541595194686377e-02,
       -1.0959452704611318e-01, 1.9573860846398280e-02,
       9.9980810818715193e-01, -7.8152082130476938e-04,
       1.0958876891716623e-01, -1.3685249268123052e-03,
       9.9397607057048643e-01 ]
R2: !!opencv-matrix
   rows: 3
   cols: 3
   dt: d
   data: [ 9.9715352297514859e-01, 1.0266223322385277e-03,
       7.5390965405920121e-02, -1.0044446321741294e-03,
       9.9999944040491029e-01, -3.3208560210098412e-04,
       -7.5391264144001408e-02, 2.5541427754792098e-04,
       9.9715399615822442e-01 ]
P1: !!opencv-matrix
   rows: 3
   cols: 4
   dt: d
   data: [ 4.9980503617284667e+03, 0., 1.3605547943115234e+03, 0., 0.,
       4.9980503617284667e+03, 6.5017131042480469e+02, 0., 0., 0., 1.,
       0. ]
P2: !!opencv-matrix
   rows: 3
   cols: 4
   dt: d
   data: [ 4.9980503617284667e+03, 0., 3.9866398620605469e+02,
       3.0431869536211173e+05, 0., 4.9980503617284667e+03,
       6.5017131042480469e+02, 0., 0., 0., 1., 0. ]
Q: !!opencv-matrix
   rows: 4
   cols: 4
   dt: d
   data: [ 1., 0., 0., -1.3605547943115234e+03, 0., 1., 0.,
       -6.5017131042480469e+02, 0., 0., 0., 4.9980503617284667e+03, 0.,
       0., -1.6423737476204802e-02, 1.5797842113098708e+01 ]
